Polygone [ -4.71035 , 3.22962 , -9.18033 , 0.989247 , -11.4207 , 5.45923 ] ff0000
Cercle [ -9.18033 , 0.989247 , 5 ] 0
Segment [ 7 , 6 , 12 , 11 ] ff0000
FormeComplexe : { Cercle [ 1 , 2 , 1 ] 0 ; Segment [ 1 , 1 , 2 , 2 ] 0 ; Polygone [ 1 , 1 , 1 , 2 , 2 , 2 ] 0 } (0, 1) / (2, 3)
Polygone [ -4.71035 , 3.22962 , -9.18033 , 0.989247 , -11.4207 , 5.45923 ] ff0000
Cercle [ -9.18033 , 0.989247 , 5 ] 0
Segment [ 7 , 6 , 12 , 11 ] ff0000
FormeComplexe : { Cercle [ 1 , 2 , 1 ] 0 ; Segment [ 1 , 1 , 2 , 2 ] ff0000 ; Polygone [ 1 , 1 , 1 , 2 , 2 , 2 ] ff0000 } (0, 1) / (2, 3)
Polygone [ -4.71035 , 3.22962 , -9.18033 , 0.989247 , -11.4207 , 5.45923 ] ff0000
Cercle [ -9.18033 , 0.989247 , 5 ] 0
Segment [ 7 , 6 , 12 , 11 ] ff0000
FormeComplexe : { Cercle [ 1 , 2 , 1 ] 0 ; Segment [ 1 , 1 , 2 , 2 ] ff0000 ; Polygone [ 1 , 1 , 1 , 2 , 2 , 2 ] ff0000 } (0, 1) / (2, 3)
Polygone [ -4.71035 , 3.22962 , -9.18033 , 0.989247 , -11.4207 , 5.45923 ] ff0000
Cercle [ -9.18033 , 0.989247 , 5 ] 0
Segment [ 7 , 6 , 12 , 11 ] ff0000
FormeComplexe : { Cercle [ 1 , 2 , 1 ] 0 ; Segment [ 1 , 1 , 2 , 2 ] 0 ; Polygone [ 1 , 1 , 1 , 2 , 2 , 2 ] 0 } (0, 1) / (2, 3)
Polygone [ -4.71035 , 3.22962 , -9.18033 , 0.989247 , -11.4207 , 5.45923 ] ff0000
Cercle [ -9.18033 , 0.989247 , 5 ] 0
Segment [ 7 , 6 , 12 , 11 ] ff0000
FormeComplexe : { Cercle [ 1 , 2 , 1 ] 0 ; Segment [ 1 , 1 , 2 , 2 ] 0 ; Polygone [ 1 , 1 , 1 , 2 , 2 , 2 ] 0 } (0, 1) / (2, 3)
Polygone [ -4.71035 , 3.22962 , -9.18033 , 0.989247 , -11.4207 , 5.45923 ] ff0000
Cercle [ -9.18033 , 0.989247 , 5 ] 0
Segment [ 7 , 6 , 12 , 11 ] ff0000
FormeComplexe : { Cercle [ 1 , 2 , 1 ] 0 ; Segment [ 1 , 1 , 2 , 2 ] 0 ; Polygone [ 1 , 1 , 1 , 2 , 2 , 2 ] 0 } (0, 1) / (2, 3)
Polygone [ -4.71035 , 3.22962 , -9.18033 , 0.989247 , -11.4207 , 5.45923 ] ff0000
Cercle [ -9.18033 , 0.989247 , 5 ] 0
Segment [ 7 , 6 , 12 , 11 ] ff0000
FormeComplexe : { Cercle [ 1 , 2 , 1 ] 0 ; Segment [ 1 , 1 , 2 , 2 ] 0 ; Polygone [ 1 , 1 , 1 , 2 , 2 , 2 ] 0 } (0, 1) / (2, 3)
Polygone [ -4.71035 , 3.22962 , -9.18033 , 0.989247 , -11.4207 , 5.45923 ] ff0000
Cercle [ -9.18033 , 0.989247 , 5 ] 0
Segment [ 7 , 6 , 12 , 11 ] ff0000
FormeComplexe : { Cercle [ 1 , 2 , 1 ] 0 ; Segment [ 1 , 1 , 2 , 2 ] 0 ; Polygone [ 1 , 1 , 1 , 2 , 2 , 2 ] 0 } (0, 1) / (2, 3)
Polygone [ -4.71035 , 3.22962 , -9.18033 , 0.989247 , -11.4207 , 5.45923 ] ff0000
Cercle [ -9.18033 , 0.989247 , 5 ] 0
Segment [ 7 , 6 , 12 , 11 ] ff0000
FormeComplexe : { Cercle [ 1 , 2 , 1 ] 0 ; Segment [ 1 , 1 , 2 , 2 ] 0 ; Polygone [ 1 , 1 , 1 , 2 , 2 , 2 ] 0 } (0, 1) / (2, 3)
Polygone [ -4.71035 , 3.22962 , -9.18033 , 0.989247 , -11.4207 , 5.45923 ] ff0000
Cercle [ -9.18033 , 0.989247 , 5 ] 0
Segment [ 7 , 6 , 12 , 11 ] ff0000
FormeComplexe : { Cercle [ 1 , 2 , 1 ] 0 ; Segment [ 1 , 1 , 2 , 2 ] 0 ; Polygone [ 1 , 1 , 1 , 2 , 2 , 2 ] 0 } (0, 1) / (2, 3)
Polygone [ -4.71035 , 3.22962 , -9.18033 , 0.989247 , -11.4207 , 5.45923 ] ff0000
Cercle [ -9.18033 , 0.989247 , 5 ] 0
Segment [ 7 , 6 , 12 , 11 ] ff0000
FormeComplexe : { Cercle [ 1 , 2 , 1 ] 0 ; Segment [ 1 , 1 , 2 , 2 ] 0 ; Polygone [ 1 , 1 , 1 , 2 , 2 , 2 ] 0 } (0, 1) / (2, 3)
Polygone [ -4.71035 , 3.22962 , -9.18033 , 0.989247 , -11.4207 , 5.45923 ] ff0000
Cercle [ -9.18033 , 0.989247 , 5 ] 0
Segment [ 7 , 6 , 12 , 11 ] ff0000
FormeComplexe : { Cercle [ 1 , 2 , 1 ] 0 ; Segment [ 1 , 1 , 2 , 2 ] 0 ; Polygone [ 1 , 1 , 1 , 2 , 2 , 2 ] 0 } (0, 1) / (2, 3)
Polygone [ -4.71035 , 3.22962 , -9.18033 , 0.989247 , -11.4207 , 5.45923 ] ff0000
Cercle [ -9.18033 , 0.989247 , 5 ] 0
Segment [ 7 , 6 , 12 , 11 ] ff0000
FormeComplexe : { Cercle [ 1 , 2 , 1 ] 0 ; Segment [ 1 , 1 , 2 , 2 ] 0 ; Polygone [ 1 , 1 , 1 , 2 , 2 , 2 ] 0 } (0, 1) / (2, 3)
Polygone [ -4.71035 , 3.22962 , -9.18033 , 0.989247 , -11.4207 , 5.45923 ] ff0000
Cercle [ -9.18033 , 0.989247 , 5 ] 0
Segment [ 7 , 6 , 12 , 11 ] ff0000
FormeComplexe : { Cercle [ 1 , 2 , 1 ] 0 ; Segment [ 1 , 1 , 2 , 2 ] 0 ; Polygone [ 1 , 1 , 1 , 2 , 2 , 2 ] 0 } (0, 1) / (2, 3)
Polygone [ -4.71035 , 3.22962 , -9.18033 , 0.989247 , -11.4207 , 5.45923 ] ff0000
Cercle [ -9.18033 , 0.989247 , 5 ] 0
Segment [ 7 , 6 , 12 , 11 ] ff0000
FormeComplexe : { Cercle [ 1 , 2 , 1 ] 0 ; Segment [ 1 , 1 , 2 , 2 ] 0 ; Polygone [ 1 , 1 , 1 , 2 , 2 , 2 ] 0 } (0, 1) / (2, 3)
Polygone [ -4.71035 , 3.22962 , -9.18033 , 0.989247 , -11.4207 , 5.45923 ] ff0000
Cercle [ -9.18033 , 0.989247 , 5 ] 0
Segment [ 7 , 6 , 12 , 11 ] ff0000
FormeComplexe : { Cercle [ 1 , 2 , 1 ] 0 ; Segment [ 1 , 1 , 2 , 2 ] 0 ; Polygone [ 1 , 1 , 1 , 2 , 2 , 2 ] 0 } (0, 1) / (2, 3)
Polygone [ -4.71035 , 3.22962 , -9.18033 , 0.989247 , -11.4207 , 5.45923 ] ff0000
Cercle [ -9.18033 , 0.989247 , 5 ] 0
Segment [ 7 , 6 , 12 , 11 ] ff0000
FormeComplexe : { Cercle [ 1 , 2 , 1 ] 0 ; Segment [ 1 , 1 , 2 , 2 ] 0 ; Polygone [ 1 , 1 , 1 , 2 , 2 , 2 ] 0 } (0, 1) / (2, 3)
Polygone [ -4.71035 , 3.22962 , -9.18033 , 0.989247 , -11.4207 , 5.45923 ] ff0000
Cercle [ -9.18033 , 0.989247 , 5 ] 0
Segment [ 7 , 6 , 12 , 11 ] ff0000
FormeComplexe : { Cercle [ 1 , 2 , 1 ] 0 ; Segment [ 1 , 1 , 2 , 2 ] 0 ; Polygone [ 1 , 1 , 1 , 2 , 2 , 2 ] 0 } (0, 1) / (2, 3)
Polygone [ -4.71035 , 3.22962 , -9.18033 , 0.989247 , -11.4207 , 5.45923 ] ff0000
Cercle [ -9.18033 , 0.989247 , 5 ] 0
Segment [ 7 , 6 , 12 , 11 ] ff0000
FormeComplexe : { Cercle [ 1 , 2 , 1 ] 0 ; Segment [ 1 , 1 , 2 , 2 ] 0 ; Polygone [ 1 , 1 , 1 , 2 , 2 , 2 ] 0 } (0, 1) / (2, 3)
Polygone [ -4.71035 , 3.22962 , -9.18033 , 0.989247 , -11.4207 , 5.45923 ] ff0000
Cercle [ -9.18033 , 0.989247 , 5 ] 0
Segment [ 7 , 6 , 12 , 11 ] ff0000
FormeComplexe : { Cercle [ 1 , 2 , 1 ] 0 ; Segment [ 1 , 1 , 2 , 2 ] 0 ; Polygone [ 1 , 1 , 1 , 2 , 2 , 2 ] 0 } (0, 1) / (2, 3)
Polygone [ -4.71035 , 3.22962 , -9.18033 , 0.989247 , -11.4207 , 5.45923 ] ff0000
Cercle [ -9.18033 , 0.989247 , 5 ] 0
Segment [ 7 , 6 , 12 , 11 ] ff0000
FormeComplexe : { Cercle [ 1 , 2 , 1 ] 0 ; Segment [ 1 , 1 , 2 , 2 ] 0 ; Polygone [ 1 , 1 , 1 , 2 , 2 , 2 ] 0 } (0, 1) / (2, 3)
